%EJERCICIO 2
A =[ 0 0 2 10 1 -1; 2 4 1 1 -2 -12;1 2 -1 -7 0 7;2 4 0 -4 1 13]

E1 = eye(4)
E1([1 3],:)= E1([3 1],:)
A1 = E1*A

E2=eye(4) 
E2(2,:)=(1/2)*E2(2,:)
A2=E2*A1

E3=eye(4)
E3(2,:)=E3(2,:)-E3(1,:)
A3=E3*A2

E4=eye(4)
E4(4,:)=E4(4,:)-2*E4(1,:)
A4=E4*A3

E5=eye(4)
E5(2,:)=(2/3)*E5(2,:)
A5=E5*A4

E6=eye(4)
E6(1,:)=E6(1,:)+E6(2,:)
A6=E6*A5

E7=eye(4)
E7(3,:)=E7(3,:)-2*E7(2,:)
A7=E7*A6

E8=eye(4)
E8(4,:)=E8(4,:)-2*E8(2,:)
A8=E8*A7

E9=eye(4)
E9(3,:)=(3/7)*E9(3,:)
A9=E9*A8

E10=eye(4)
E10(1,:)=E10(1,:)+(2/3)*E10(3,:)
A10=E10*A9

E11=eye(4)
E11(2,:)=E11(2,:)+(2/3)*E11(3,:)
A11=E11*A10

E12=eye(4)
E12(4,:)=E12(4,:)-(7/3)*E12(3,:)
A12=E12*A11

